0,25,0.10531568296778367
0,18,0.07881104062391006
0,20,0.0781166566864507
0,39,0.0761386987626881
0,5,0.07099970268936748
1,16,0.08333333333333333
1,10,0.07624928516630233
1,19,0.07071067811865475
1,23,0.07071067811865475
1,31,0.06917144638660747
2,15,0.11909826683508273
2,20,0.09660145050098942
2,38,0.0759600175733521
2,28,0.06752237049095156
2,27,0.06316139407998893
3,20,0.09558988911273408
3,38,0.07516460280028289
3,30,0.0675737378399486
3,0,0.06384423980690615
3,6,0.06185895741317419
4,7,0.0801443899700861
4,25,0.0784917508278223
4,31,0.0727754046138963
4,14,0.07153128892876656
4,16,0.06868028197434452
5,30,0.1127207868107461
5,12,0.10452419135052177
5,34,0.0973969507115348
5,6,0.08598989506126371
5,18,0.08043618151097336
6,14,0.11159049512642046
6,26,0.10309826235529032
6,5,0.08598989506126371
6,34,0.07705141285294195
6,35,0.07568756326085965
7,31,0.11592174060118732
7,33,0.11531640100361062
7,28,0.09002982732126874
7,32,0.08897681066002583
7,4,0.0801443899700861
8,22,0.07316393139022627
8,3,0.06384423980690615
8,2,0.06251356778481196
8,7,0.06251356778481196
8,1,0.047619047619047616
9,25,0.14091341769030624
9,12,0.10195592378577321
9,11,0.09032775043542898
9,15,0.08948747402853657
9,37,0.06974858324629157
10,28,0.11765520133375292
10,15,0.08300970751529205
10,35,0.08079571632467769
10,1,0.07624928516630233
10,16,0.07624928516630233
11,30,0.11253786588843413
11,9,0.09032775043542898
11,12,0.0851874054619982
11,21,0.0801443899700861
11,10,0.0628418688667662
12,5,0.10452419135052177
12,9,0.10195592378577321
12,26,0.08951435925492912
12,11,0.0851874054619982
12,33,0.07844645405527362
13,19,0.11547005383792515
13,20,0.09012301173931252
13,26,0.07856742013183861
13,25,0.07776157913597391
13,37,0.0769800358919501
14,6,0.11159049512642046
14,37,0.09205746178983233
14,4,0.07153128892876656
14,34,0.07021867670200858
14,21,0.05697001318001408
15,18,0.1272937693043289
15,2,0.11909826683508273
15,9,0.08948747402853657
15,10,0.08300970751529205
15,34,0.07339758434175737
16,39,0.08606629658238703
16,1,0.08333333333333333
16,10,0.07624928516630233
16,32,0.07624928516630233
16,4,0.06868028197434452
17,27,0.09703708495659699
17,20,0.0862197125625809
17,24,0.08447772061910234
17,5,0.07836451555366873
17,7,0.0759600175733521
18,15,0.1272937693043289
18,39,0.08625819491779428
18,5,0.08043618151097336
18,0,0.07881104062391006
18,31,0.07079923254047886
19,31,0.12735695807431852
19,13,0.11215443081840885
19,25,0.09811468853477788
19,33,0.08687444855261386
19,26,0.07930515857181443
20,31,0.12280701754385964
20,27,0.09872481295984872
20,2,0.09660145050098942
20,3,0.09558988911273408
20,25,0.09460945407607456
21,28,0.09002982732126874
21,11,0.0801443899700861
21,17,0.0759600175733521
21,12,0.072369302025194
21,5,0.07024032574729003
22,29,0.13223592098145726
22,25,0.10974589708533941
22,23,0.10864289525102223
22,33,0.1012220412723645
22,31,0.08479449518438636
23,22,0.10864289525102223
23,30,0.09931270663228417
23,39,0.09128709291752768
23,19,0.07999999999999999
23,1,0.07071067811865475
24,17,0.08447772061910234
24,7,0.07098727864204515
24,26,0.07024393586862705
24,31,0.06446025638903101
24,38,0.06335829046432676
25,9,0.14091341769030624
25,22,0.10974589708533941
25,0,0.10531568296778367
25,19,0.10101525445522107
25,20,0.09460945407607456
26,6,0.10309826235529032
26,33,0.09128709291752768
26,12,0.08951435925492912
26,19,0.08164965809277261
26,13,0.07856742013183861
27,20,0.09558988911273408
27,17,0.09395575350035362
27,29,0.07453559924999299
27,2,0.06316139407998893
27,7,0.06316139407998893
28,10,0.11765520133375292
28,38,0.10044292546128847
28,7,0.09002982732126874
28,21,0.09002982732126874
28,34,0.0832250378576479
29,22,0.13223592098145726
29,27,0.07453559924999299
29,6,0.07377111135633174
29,37,0.07302967433402215
29,17,0.06722926454528143
30,5,0.1127207868107461
30,11,0.11253786588843413
30,31,0.10851735059850129
30,39,0.10801234497346432
30,23,0.09931270663228417
31,19,0.12735695807431852
31,20,0.12280701754385964
31,7,0.11592174060118732
31,30,0.10851735059850129
31,34,0.08929995329613663
32,7,0.08897681066002583
32,16,0.07624928516630233
32,12,0.07566047878575344
32,10,0.06976744186046513
32,26,0.0660338179744218
33,7,0.11531640100361062
33,22,0.1012220412723645
33,26,0.09428090415820634
33,19,0.08687444855261386
33,12,0.07844645405527362
34,5,0.0973969507115348
34,31,0.08929995329613663
34,28,0.0832250378576479
34,6,0.07924288517503274
34,37,0.07627700713964738
35,10,0.08079571632467769
35,6,0.07568756326085965
35,36,0.07568756326085965
35,18,0.07079923254047886
35,31,0.07017543859649122
36,35,0.07776157913597391
36,22,0.07316393139022627
36,33,0.06776309271789384
36,21,0.06251356778481196
36,37,0.06251356778481196
37,14,0.09205746178983233
37,13,0.0769800358919501
37,34,0.07627700713964738
37,29,0.07302967433402215
37,9,0.06974858324629157
38,28,0.10044292546128847
38,2,0.0759600175733521
38,3,0.07516460280028289
38,35,0.07079923254047886
38,31,0.06897577005006472
39,30,0.1057696299127124
39,23,0.09128709291752768
39,18,0.08625819491779428
39,16,0.08606629658238703
39,0,0.0761386987626881
